% Calculates approximation of cos on interval [-pi/2, pi/2].
function [result] = cosPi2(x)

result = zeros(12,1);

result(1)  = 6.36619772367581343076e-01;
result(2)  = -4.17697757006468189227e-01*x^2 + 9.80162407440597336452e-01;
result(3)  = 3.72093273724652635657e-02*x^4 - 4.96392330120080597572e-01*x^2 + 9.99579515069196269871e-01;
result(4)  = -1.27871387439538728389e-03*x^6 + 4.15117364914880157226e-02*x^4 - 4.99930919784780092977e-01*x^2 + 9.99995282689772072939e-01;
result(5)  = 2.32376487283845000877e-05*x^8 - 1.38574219447034897648e-03*x^6 + 4.16640913730533583858e-02*x^4 - 4.99999268985217581792e-01*x^2 + 9.99999967270115467233e-01;
result(6)  = -2.61150902081161051732e-07*x^10 + 2.47637740463291155877e-05*x^8 - 1.38884324659041369860e-03*x^6 + 4.16666418861910415758e-02*x^4 - 4.99999995116631679318e-01*x^2 + 9.99999999845705468807e-01;
result(7)  = 1.99428671619384460126e-09*x^12 - 2.75271186676573127433e-07*x^10 + 2.48011030524864844432e-05*x^8 - 1.38888849146171568722e-03*x^6 + 4.16666665120539604443e-02*x^4 - 4.99999999977582180212e-01*x^2 + 9.99999999999473604887e-01;
result(8)  = -1.10226779988697263833e-11*x^14 + 2.08595191885454217039e-09*x^12 - 2.75569737441483945459e-07*x^10 + 2.48015834728033299600e-05*x^8 - 1.38888888659158848090e-03*x^6 + 4.16666666659924682682e-02*x^4 - 4.99999999999925006305e-01*x^2 + 9.99999999999998640256e-01;
result(9)  = 4.61234214964119671037e-14*x^16 - 1.14632134088942342094e-11*x^14 + 2.08765734915654935676e-09*x^12 - 2.75573166166419214240e-07*x^10 + 2.48015872798211836808e-05*x^8 - 1.38888888887868692476e-03*x^6 + 4.16666666666642765080e-02*x^4 - 4.99999999999999786172e-01*x^2 + 9.99999999999999996961e-01;
result(10) = -9.02663553822442431771e-17*x^18 + 4.70970405518337885340e-14*x^16 - 1.14675812431384808730e-11*x^14 + 2.08766789458837252893e-09*x^12 - 2.75573180970794753551e-07*x^10 + 2.48015872919972953019e-05*x^8 - 1.38888888888429501741e-03*x^6 + 4.16666666666655657082e-02*x^4 - 4.99999999999999899778e-01*x^2 + 9.99999999999999998600e-01;
result(11) = 3.15681173633007347396e-08*x^20 - 3.79466681128008889331e-07*x^18 + 1.93583765834086370906e-06*x^16 - 5.45879604170374685849e-06*x^14 + 9.28743036747558412162e-06*x^12 - 1.00309493813510338600e-05*x^10 + 3.10266011756577199146e-05*x^8 - 1.39116434571654361677e-03*x^6 + 4.16670877428646876498e-02*x^4 - 5.00000030114170052258e-01*x^2 + 1.00000000035381721107e+00;
result(12) = -6.25531195022244974931e-08*x^22 + 8.62697436745050257955e-07*x^20 - 5.14358663361875477825e-06*x^18 + 1.73519696092067376283e-05*x^16 - 3.63982438232649089312e-05*x^14 + 4.91243199195790542381e-05*x^12 - 4.29245948450788927536e-05*x^10 + 4.79319366915870391673e-05*x^8 - 1.39622381963360864990e-03*x^6 + 4.16678627525266421460e-02*x^4 - 5.00000076310623196081e-01*x^2 + 1.00000000080780237496e+00;

end