% Calculates approximation of cos on interval [-pi, pi].
function [result] = cosPiHorner(x)

result = zeros(12,1);
x2 = x * x;

result(1)  = 0;
result(2)  = -2.30984600730397541756e-01*x2 + 7.59908877317533285829e-01;
result(3)  = (2.61598203821710351549e-02*x2 - 4.52287810766610989686e-01)*x2 + 9.78326390892394782255e-01;
result(4)  = ((-9.92863295193013173583e-04*x2 + 3.95223221293306431394e-02)*x2 - 4.96248679451054559990e-01)*x2 + 9.98987171037332669123e-01;
result(5)  = (((1.90652668840074246305e-05*x2 - 1.34410769349285321733e-03)*x2 + 4.15223086250910767516e-02)*x2 - 4.99837602272995734437e-01)*x2 + 9.99971094606182687341e-01;
result(6)  = ((((-2.21941782786353727022e-07*x2 + 2.42532401381033027481e-05)*x2 - 1.38627507062573673756e-03)*x2 + 4.16610337354021107429e-02)*x2 - 4.99995582499065048420e-01)*x2 + 9.99999443739537210853e-01;
result(7)  = (((((1.73691489450821293670e-09*x2 - 2.71133771940801138503e-07)*x2 + 2.47734245730930250260e-05)*x2 - 1.38879704270452054154e-03)*x2 + 4.16665243677686230461e-02)*x2 - 4.99999917728614591900e-01)*x2 + 9.99999992290827491711e-01;
result(8)  = ((((((-9.77507131527006498114e-12*x2 + 2.06207503915813519567e-09)*x2 - 2.75369918573799545860e-07)*x2 + 2.48006913718665260256e-05)*x2 - 1.38888674687691339750e-03)*x2 + 4.16666641590361985136e-02)*x2 - 4.99999998886526927002e-01)*x2 + 9.99999999919365479957e-01;
result(9)  = (((((((4.14869721869947572436e-14*x2 - 1.13600777795958675706e-11)*x2 + 2.08661897358261903687e-09)*x2 - 2.75567298437160383039e-07)*x2 + 2.48015679993921751541e-05)*x2 - 1.38888885344276371809e-03)*x2 + 4.16666666341518636873e-02)*x2 - 4.99999999988560571910e-01)*x2 + 9.99999999999340745485e-01;
result(10) = ((((((((-1.37575838886898565259e-16*x2 + 4.74225814185580801553e-14)*x2 - 1.14665907159766034538e-11)*x2 + 2.08764760680501846130e-09)*x2 - 2.75573074690581241811e-07)*x2 + 2.48015870025042435069e-05)*x2 - 1.38888888845269412033e-03)*x2 + 4.16666666663444876020e-02)*x2 - 4.99999999999908017012e-01)*x2 + 9.99999999999995685802e-01;
result(11) = (((((((((3.68396216222400477886e-19*x2 - 1.55289318377801496607e-16)*x2 + 4.77840439714556611532e-14)*x2 - 1.14706678499029860238e-11)*x2 + 2.08767534780769871595e-09)*x2 - 2.75573191273279748439e-07)*x2 + 2.48015873000796780048e-05)*x2 - 1.38888888888779804960e-03)*x2 + 4.16666666666665603386e-02)*x2 - 5.00000000000000154115e-01)*x2 + 1.00000000000000001607e+00;
result(12) = ((((((((((3.57734317834013097283e-20*x2 - 1.52835248378204648126e-18)*x2 - 1.11912690375173696342e-16)*x2 + 4.72241983731947907870e-14)*x2 - 1.14661876696889069632e-11)*x2 + 2.08765235418405691307e-09)*x2 - 2.75573115625562966122e-07)*x2 + 2.48015871452481001539e-05)*x2 - 1.38888888870336359502e-03)*x2 + 4.16666666665541926673e-02)*x2 - 4.99999999999973536492e-01)*x2 + 9.99999999999998977663e-01;

end