% Calculates approximation of cos on interval [-pi/4, pi/4].
function [result] = cosPi4Horner(x)

result = zeros(12,1);
x2 = x * x;

result(1)  = 9.00316316157106069555e-01;
result(2)  = -4.78343610209281926485e-01*x2 + 9.98671778668658185327e-01;
result(3)  = (4.05121537665218330258e-02*x2 - 4.99763552947407250760e-01)*x2 + 9.99993068425653708748e-01;
result(4)  = ((-1.36058866707554670912e-03*x2 + 4.16566258031673830195e-02)*x2 - 4.99998875577611430384e-01)*x2 + 9.99999980750852337007e-01;
result(5)  = (((2.44019288794219920571e-05*x2 - 1.38868636195294487064e-03)*x2 + 4.16666250747907881212e-02)*x2 - 4.99999997041875317281e-01)*x2 + 9.99999999966839549719e-01;
result(6)  = ((((-2.71900522164930753150e-07*x2 + 2.47991649865265556692e-05)*x2 - 1.38888815564865557394e-03)*x2 + 4.16666665669563568388e-02)*x2 - 4.99999999995081518538e-01)*x2 + 9.99999999999961114403e-01;
result(7)  = (((((2.06395229599138361521e-09*x2 - 2.75553907805784595616e-07)*x2 + 2.48015795493167240051e-05)*x2 - 1.38888888729539585403e-03)*x2 + 4.16666666665114655876e-02)*x2 - 4.99999999999994366236e-01)*x2 + 9.99999999999999966857e-01;
result(8)  = ((((((-1.13388346949862364176e-11*x2 + 2.08752589081920560364e-09)*x2 - 2.75573102425343752388e-07)*x2 + 2.48015872711904337311e-05)*x2 - 1.38888888888314249467e-03)*x2 + 4.16666666666661080011e-02)*x2 - 4.99999999999999977484e-01)*x2 + 9.99999999999999999822e-01;
result(9)  = (((((((7.54943364948578251130e-05*x2 - 1.80265955430863339316e-04)*x2 + 1.74466498608710285469e-04)*x2 - 8.79646560151395580776e-05)*x2 + 4.91425529757494415602e-05)*x2 - 1.39254464956818956237e-03)*x2 + 4.16669351258307762491e-02)*x2 - 5.00000007470636495676e-01)*x2 + 1.00000000003388429532e+00;
result(10) = ((((((((-3.90754078407648779880e-05*x2 + 1.80861838368794502865e-04)*x2 - 2.98440455442517093747e-04)*x2 + 2.45794819204737582855e-04)*x2 - 1.12998510832978569068e-04)*x2 + 5.42899333434130141434e-05)*x2 - 1.39313734669952637842e-03)*x2 + 4.16669691884472254431e-02)*x2 - 5.00000008221048504273e-01)*x2 + 1.00000000003659126545e+00;
result(11) = (((((((((-5.53609349695535848674e-03*x2 + 1.65976898573749550319e-02)*x2 - 2.10371517936140637697e-02)*x2 + 1.46595199610220168820e-02)*x2 - 6.11505378299139473077e-03)*x2 + 1.55771478921683698991e-03)*x2 - 2.12235786709786437798e-04)*x2 - 1.36878120877062111781e-03)*x2 + 4.16658424017750343448e-02)*x2 - 4.99999988074841502874e-01)*x2 + 9.99999999977415621854e-01;
result(12) = ((((((((((-3.40457249791746281008e+07*x2 + 1.13053838167001219041e+08)*x2 - 1.61953314252227247395e+08)*x2 + 1.30965991694432361842e+08)*x2 - 6.56832998913608260490e+07)*x2 + 2.11333223534044340234e+07)*x2 - 4.36025332029183684099e+06)*x2 + 5.59904882941380119474e+05)*x2 - 4.18653715147613280753e+04)*x2 + 1.60209814936156818988e+03)*x2 - 2.43536235292710349776e+01)*x2 + 1.05854714590171680140e+00;

end