% Calculates approximation of sin on interval [-pi/4, pi/4].
function [result] = sinPi4Horner(x)

result = zeros(12,1);
x2 = x * x;

result(1)  = 9.39658501161726915864e-01*x;
result(2)  = (-1.61034532494806962322e-01*x2 + 9.99259018560656195678e-01)*x;
result(3)  = ((8.13764527750884377365e-03*x2 - 1.66611986636848998403e-01)*x2 + 9.99996258729591536999e-01)*x;
result(4)  = (((-1.94842039748219288187e-04*x2 + 8.33179571459221545387e-03)*x2 - 1.66666423796176028737e-01)*x2 + 9.99999989793669848536e-01)*x;
result(5)  = ((((2.71552898769724520716e-06*x2 - 1.98389256978136379687e-04)*x2 + 8.33332738593901588006e-03)*x2 - 1.66666666055635410211e-01)*x2 + 9.99999999982611722898e-01)*x;
result(6)  = (((((-2.47447995845746876115e-08*x2 + 2.75550570215742212602e-06)*x2 - 1.98412618749273190525e-04)*x2 + 8.33333331976281957031e-03)*x2 - 1.66666666665682217796e-01)*x2 + 9.99999999999979763254e-01)*x;
result(7)  = ((((((1.58893665563198935090e-10*x2 - 2.50506020206597630293e-08)*x2 + 2.75573124318839748870e-06)*x2 - 1.98412698249300045644e-04)*x2 + 8.33333333331323907170e-03)*x2 - 1.66666666666665580149e-01)*x2 + 9.99999999999999982832e-01)*x;
result(8)  = (((((((-8.04754490153836539537e-13*x2 + 1.60691023080416013690e-10)*x2 - 2.50522034769068687499e-08)*x2 + 2.75573196761813018712e-06)*x2 - 1.98412698424160137745e-04)*x2 + 8.33333333333481157087e-03)*x2 - 1.66666666666666747430e-01)*x2 + 1.00000000000000000098e+00)*x;
result(9)  = ((((((((-8.80141263603302264212e-05*x2 + 2.23746947288747431238e-04)*x2 - 2.33740625233747885522e-04)*x2 + 1.29242528595280332043e-04)*x2 - 3.78519620158339093843e-05)*x2 - 1.91198624483281041918e-04)*x2 + 8.33265615886945842996e-03)*x2 - 1.66666638250661969556e-01)*x2 + 9.99999999654044320923e-01)*x;
result(10) = (((((((((-4.79106641919251816662e-04*x2 + 1.27784228930063306474e-03)*x2 - 1.41316092205328633030e-03)*x2 + 8.37178039339303878419e-04)*x2 - 2.86292217185134265236e-04)*x2 + 5.93734337300736990325e-05)*x2 - 2.04525998589076738346e-04)*x2 + 8.33364267193301953507e-03)*x2 - 1.66666671322745071053e-01)*x2 + 9.99999999977859297238e-01)*x;
result(11) = ((((((((((-1.57235392962245548796e-03*x2 + 4.49236952729596219314e-03)*x2 - 5.45066932655337483309e-03)*x2 + 3.67668687655916977956e-03)*x2 - 1.51993279870735748584e-03)*x2 + 4.01815711501282041466e-04)*x2 - 6.62972562170716272213e-05)*x2 - 1.90758900332838713642e-04)*x2 + 8.33281568209227712920e-03)*x2 - 1.66666648607311204147e-01)*x2 + 9.99999999794688290185e-01)*x;
result(12) = (((((((((((2.08629019156254102907e+07*x2 - 5.61980669500189068763e+07)*x2 + 5.80128759970005953956e+07)*x2 - 2.46413842233047106772e+07)*x2 - 1.66053586791590673132e+06)*x2 + 6.37663859757483413209e+06)*x2 - 2.94333849074895633748e+06)*x2 + 6.76888127469488944609e+05)*x2 - 8.53939682515422222972e+04)*x2 + 5.64132169769544434851e+03)*x2 - 1.65948881697665088928e+02)*x2 + 2.40442150047132908243e+00)*x;

end