% Calculates approximation of sin on interval [-pi, pi].
function [result] = sinPiHorner(x)

result = zeros(12,1);
x2 = x * x;

result(1)  = 3.03963550927013314332e-01*x;
result(2)  = (-9.33876972831853619134e-02*x2 + 8.56983327795249506462e-01)*x;
result(3)  = ((5.64311797634681035370e-03*x2 - 1.55271410633428644799e-01)*x2 + 9.87862135574673806965e-01)*x;
result(4)  = (((-1.47740880797318521837e-04*x2 + 7.99858143743132551201e-03)*x2 - 1.65838452698030873892e-01)*x2 + 9.99450193893262089505e-01)*x;
result(5)  = ((((2.17326217498596729611e-06*x2 - 1.93162796407356830500e-04)*x2 + 8.31238887417884598346e-03)*x2 - 1.66632595072086745320e-01)*x2 + 9.99984594193494365437e-01)*x;
result(6)  = (((((-2.05342856289746600727e-08*x2 + 2.70405218307799040084e-06)*x2 - 1.98125763417806681909e-04)*x2 + 8.33255814755188010464e-03)*x2 - 1.66665772196961623983e-01)*x2 + 9.99999707044156546685e-01)*x;
result(7)  = ((((((1.35333825545218599272e-10*x2 - 2.47016425480527869032e-08)*x2 + 2.75322955330449911163e-06)*x2 - 1.98403112669018996690e-04)*x2 + 8.33331451433080749755e-03)*x2 - 1.66666650437066346286e-01)*x2 + 9.99999995973569972699e-01)*x;
result(8)  = (((((((-6.58075489175121657026e-13*x2 + 1.58850004791504823423e-10)*x2 - 2.50368914392103083120e-08)*x2 + 2.75565598752102704008e-06)*x2 - 1.98412483604340805859e-04)*x2 + 8.33333301181570639096e-03)*x2 - 1.66666666451352167974e-01)*x2 + 9.99999999958141380079e-01)*x;
result(9)  = ((((((((2.45928524290153002259e-15*x2 - 7.58106260511361554811e-13)*x2 + 1.60521984385153059172e-10)*x2 - 2.50516861359706378210e-08)*x2 + 2.75573034843986111280e-06)*x2 - 1.98412694971242118241e-04)*x2 + 8.33333332926687803703e-03)*x2 - 1.66666666664489411560e-01)*x2 + 9.99999999999659411867e-01)*x;
result(10) = (((((((((-7.28638965935448382375e-18*x2 + 2.79164354009975374566e-15)*x2 - 7.64479307785677023759e-13)*x2 + 1.60588695928966278105e-10)*x2 - 2.50521003012188316353e-08)*x2 + 2.75573189892671884365e-06)*x2 - 1.98412698371840334929e-04)*x2 + 8.33333333329438515047e-03)*x2 - 1.66666666666649732329e-01)*x2 + 9.99999999999997848557e-01)*x;
result(11) = ((((((((((2.47852306233493974115e-20*x2 - 8.53932287916564238231e-18)*x2 + 2.81875350346861226633e-15)*x2 - 7.64807134493815932275e-13)*x2 + 1.60591122567208977895e-10)*x2 - 2.50521116230089813913e-08)*x2 + 2.75573193196855760359e-06)*x2 - 1.98412698429672570320e-04)*x2 + 8.33333333334987771150e-03)*x2 - 1.66666666666674074058e-01)*x2 + 1.00000000000000098216e+00)*x;
result(12) = (((((((((((9.85974213788903261229e-21*x2 - 5.22410557635607311745e-19)*x2 + 4.65050773378985090426e-18)*x2 + 2.63773905925422802872e-15)*x2 - 7.63249308060874817626e-13)*x2 + 1.60582394098702942981e-10)*x2 - 2.50520796173829029726e-08)*x2 + 2.75573185673637817533e-06)*x2 - 1.98412698321853071738e-04)*x2 + 8.33333333326422552013e-03)*x2 - 1.66666666666642751236e-01)*x2 + 9.99999999999997608005e-01)*x;

end