% Calculates approximation of sin on interval [-pi/2, pi/2].
function [result] = sinPi2(x)

result = zeros(12,1);

result(1)  = 7.74036826396787740426e-01*x;
result(2)  = -1.45061813306868093321e-01*x^3 + 9.88792233053307973524e-01*x;
result(3)  = 7.57424729353990669582e-03*x^5 - 1.65827042313329378398e-01*x^3 + 9.99771407817154332926e-01*x;
result(4)  = -1.84472205923290319050e-04*x^7 + 8.30951693978303246914e-03*x^5 - 1.66651681010664443162e-01*x^3 + 9.99997487198168964891e-01*x;
result(5)  = 2.59811044408555809666e-06*x^9 - 1.98047553009241346906e-04*x^7 + 8.33296401821855059586e-03*x^5 - 1.66666515202236230156e-01*x^3 + 9.99999982782301183838e-01*x;
result(6)  = -2.38436840799723029176e-08*x^11 + 2.75219407638750246502e-06*x^9 - 1.98407729337123660700e-04*x^7 + 8.33332995329348954259e-03*x^5 - 1.66666665687003985588e-01*x^3 + 9.99999999919514177715e-01*x;
result(7)  = 1.53892965829411704123e-10*x^13 - 2.50283969803927937324e-08*x^11 + 2.75568916128468192674e-06*x^9 - 1.98412657209307001756e-04*x^7 + 8.33333331302746573676e-03*x^5 - 1.66666666662275904351e-01*x^3 + 9.99999999999727077895e-01*x;
result(8)  = -7.36644541924532787403e-13*x^15 + 1.60473922487682573331e-10*x^13 - 2.50518516666250910087e-08*x^11 + 2.75573160083833319909e-06*x^9 - 1.98412698184898843225e-04*x^7 + 8.33333333324810981519e-03*x^5 - 1.66666666666652434127e-01*x^3 + 9.99999999999999312880e-01*x;
result(9)  = 2.72753447974160216121e-15*x^17 - 7.64379976340640692234e-13*x^15 + 1.60589819525721459970e-10*x^13 - 2.50521080485724231615e-08*x^11 + 2.75573192299426391309e-06*x^9 - 1.98412698413826558397e-04*x^7 + 8.33333333333406623879e-03*x^5 - 1.66666666666666861949e-01*x^3 + 1.00000000000000001550e+00*x;
result(10) = -6.77010027525304670076e-17*x^19 + 3.49955548211379103884e-15*x^17 - 7.68080895483047196882e-13*x^15 + 1.60599504607615458474e-10*x^13 - 2.50521230805386258200e-08*x^11 + 2.75573193706283629058e-06*x^9 - 1.98412698421540512258e-04*x^7 + 8.33333333333635024756e-03*x^5 - 1.66666666666667168229e-01*x^3 + 1.00000000000000002743e+00*x;
result(11) = -7.67533578152410632392e-08*x^21 + 9.70071748647920134767e-07*x^19 - 5.24782813934867813768e-06*x^17 + 1.58662200735195455804e-05*x^15 - 2.93639650662459445335e-05*x^13 + 3.42292549678291058392e-05*x^11 - 2.22395769470078684394e-05*x^9 - 1.87473993283538890229e-04*x^7 + 8.33070886474363880589e-03*x^5 - 1.66666378807635168603e-01*x^3 + 9.99999990733661604568e-01*x;
result(12) = 1.90888438946237508970e-08*x^23 - 3.35783916866313282323e-07*x^21 + 2.49270631861481356604e-06*x^19 - 1.03276833327096453384e-05*x^17 + 2.64536374883265641675e-05*x^15 - 4.36636268127006887122e-05*x^13 + 4.67961104667333266387e-05*x^11 - 2.92678421452257001255e-05*x^9 - 1.85099958051337620934e-04*x^7 + 8.33026990546742067335e-03*x^5 - 1.66666342084244200950e-01*x^3 + 9.99999989850901114324e-01*x;

end